0 16 12 0 0 9 18 0 0 7 20 0 0 21 22 0 0 23 13 0 0 0 0 0 0
0 6 0 0 19 16 0 0 3 11 0 0 13 5 0 0 15 1 0 0 20 0 0 22 4
0 0 0 2 4 0 0 17 21 0 0 10 12 0 0 3 24 0 0 0 11 6 0 0 23
0 0 22 23 0 0 6 10 0 0 1 8 0 0 7 16 0 0 2 0 0 17 12 0 0
0 3 24 0 0 5 4 0 0 1 14 0 0 19 9 0 0 0 22 12 0 0 2 15 0
0 0 0 0 2 17 0 0 16 18 0 0 8 20 0 0 11 0 0 23 3 0 0 4 25
11 0 0 16 1 0 0 3 19 0 0 18 9 0 0 0 14 5 0 0 2 22 0 0 8
15 18 0 0 0 0 25 1 0 0 2 13 0 0 4 0 0 12 6 0 0 16 17 0 0
0 10 23 0 0 22 11 0 0 21 6 0 0 0 17 15 0 0 3 18 0 0 7 1 0
0 0 3 7 0 0 0 0 20 14 0 0 23 0 0 2 16 0 0 19 13 0 0 5 11
16 0 0 17 18 0 0 11 10 0 0 0 0 0 0 0 9 25 0 0 8 12 0 0 24
19 13 0 0 20 7 0 0 0 0 0 0 0 0 0 0 0 6 24 0 0 23 25 0 0
0 7 9 0 0 8 16 0 0 20 0 0 0 0 0 21 0 0 14 10 0 0 19 17 0
0 0 1 24 0 0 21 25 0 0 0 0 0 0 0 0 0 0 0 20 16 0 0 9 5
23 0 0 14 12 0 0 22 13 0 0 0 0 0 0 0 4 8 0 0 15 1 0 0 20
4 19 0 0 10 6 0 0 17 15 0 0 21 0 0 13 7 0 0 0 0 5 22 0 0
0 22 18 0 0 12 9 0 0 5 7 0 0 0 15 25 0 0 20 2 0 0 1 13 0
0 0 17 3 0 0 22 2 0 0 25 0 0 8 1 0 0 24 5 0 0 0 0 7 14
6 0 0 8 5 0 0 21 7 0 0 0 20 23 0 0 22 3 0 0 12 25 0 0 2
9 1 0 0 15 25 0 0 14 0 0 22 4 0 0 23 8 0 0 11 17 0 0 0 0
0 2 10 0 0 20 7 0 0 0 23 21 0 0 19 24 0 0 1 22 0 0 8 3 0
0 0 19 21 0 0 1 0 0 6 5 0 0 15 16 0 0 18 7 0 0 11 9 0 0
3 0 0 5 14 0 0 0 11 8 0 0 22 24 0 0 17 13 0 0 4 21 0 0 0
18 15 0 0 11 0 0 9 12 0 0 1 3 0 0 6 25 0 0 21 19 0 0 2 0
0 0 0 0 0 0 10 4 0 0 18 25 0 0 20 12 0 0 16 3 0 0 5 24 0